version https://git-lfs.github.com/spec/v1
oid sha256:d09162970e895ed2875fabb8ec1955c529bcda91946983712d08d192d306299d
size 110802
